69969
69969
432125
432125
432125
432125
307564
389624
290750
322353
320703
146961
214046
302077
190115
54133
311374
95569
95569
415841
27285
27285
130909
273470
454203
454810
367074
328797
328797
429366
193271
285882
285882
14635
14635
14635
370207
370207
370207
370207
370207
370207
370207
370207
370207
14773
416733
330954
330954
98054
59547
420490
498547
498547
391132
177143
177143
177143
108212
108212
223648
223648
223648
115700
115700
386164
386164
90255
225963
319221
319221
319221
319221
407017
512667
512667
350639
431236
431236
192079
63726
63726
147762
88562
337505
337505
337505
563730
443949
401642
569652
381382
25708
75663
472143
510636
510636
510636
510636
510636
77951
86848
382625
382625
303520
303520
303520
303520
303520
303520
303520
73278
372113
254123
471842
444682
440067
177258
177258
382797
172342
172342
1180
1180
499705
111434
111434
347823
347823
63521
183204
552061
469859
469859
47361
47361
47361
259136
557447
557447
205811
205811
498061
478407
29838
199133
38865
80756
569319
361972
452618
452618
298600
324845
388066
329433
340811
39659
147736
425526
533976
570465
230265
421889
146973
525903
456908
215062
105102
405882
405882
353935
353935
359239
359239
359239
294407
278988
165686
165686
252629
170401
81274
549518
434142
526028
425964
182775
503978
360209
360209
16030
16030
472034
41507
443597
235564
232865
135579
465552
509855
19916
562897
27353
402712
190585
166805
122020
573196
27609
161807
390134
127192
508748
409217
232852
95620
503137
280810
200978
112818
169808
119414
411871
158635
146503
69906
68300
292769
530630
472246
228749
80357
410641
503595
235575
297300
504932
231052
231052
231052
455395
328536
483389
523560
534019
531703
215808
35210
242855
468934
431464
431464
235486
235486
409708
461715
461715
153231
271620
499594
36230
25529
506441
208132
208132
374702
204311
556462
251531
36614
36614
516856
161605
161605
422516
211326
16382
564612
297233
297233
434513
462635
9270
420610
420610
54517
505133
21639
517861
3091
3091
575020
209856
209856
259087
155465
147154
405674
350270
429261
547875
136624
531798
531798
531798
531798
43944
43944
43944
298138
168175
168175
77784
478155
184499
505862
171181
171181
171181
171181
171181
541538
541538
541538
232612
228261
228261
228261
327590
327590
466960
466960
466960
466960
373374
141163
253432
214471
72811
72811
223699
115776
115776
505754
302555
64307
489879
213579
449675
449675
577128
377427
292033
358075
493243
487897
487897
204471
64703
377091
377091
418440
195559
471394
397041
467726
426546
256945
449726
22072
22072
22072
223031
318209
396387
393804
519271
519271
283168
438373
269089
399452
71171
9156
450355
35269
103628
179720
179720
345353
345353
105812
578418
15883
15883
354254
323370
104589
212363
274109
441672
402528
55017
184746
257864
463583
419723
392753
252783
45775
20650
348519
452623
89781
153506
160057
198796
198796
121826
121826
556064
491478
535993
535993
531092
531092
347216
442929
51376
51376
51376
51376
430533
396224
396224
396224
206751
206751
170658
316700
233830
233830
233830
452312
103161
509577
105040
141102
259422
108189
581205
581205
90138
448535
448535
448535
448535
475990
497365
148067
268413
102235
102235
102235
106046
106046
343254
226119
511241
511241
307034
191359
191359
421231
222842
118344
144065
144065
144065
144065
144065
99067
103496
103496
103496
103496
103496
103496
103496
103496
4108
4108
4108
4108
305576
118788
1667
504810
412464
240742
531327
416786
416786
405192
405192
459382
169045
169045
169045
265208
389081
497501
41671
41671
168544
196928
196928
196928
196928
196928
368218
44261
320832
500965
500965
352418
512013
535151
519460
323515
323515
4256
4256
131841
419848
329850
97589
97589
442877
251242
251242
251242
251242
251242
251242
25202
25202
25202
448600
411027
411027
487990
487990
42482
216510
321390
26676
241396
241396
117466
154892
154892
490701
220531
128180
52700
52700
52700
52700
52700
52700
52700
52700
208566
265719
148898
169500
277674
504747
111024
476175
281387
181030
169991
169991
257941
440724
37655
377359
119785
121210
121210
207431
263393
263393
442348
208649
448511
401027
175604
542777
546932
206049
470318
474464
474464
479617
526394
526394
526394
139953
146127
100083
100083
401425
401425
401425
401425
401425
401425
401425
574509
44767
364190
364190
208825
198635
439224
550702
467500
176935
223289
152776
309279
393682
393682
484280
212587
383270
298680
293855
66632
106338
106338
106338
324203
380089
5724
243104
331712
331712
552352
523869
136795
19723
239625
438905
550862
425609
425609
561517
12991
566502
450129
54421
513220
352234
519299
249969
15155
188616
324789
254225
32964
9908
233840
25955
25955
25955
25955
25955
456816
97806
57843
57843
305738
515355
9050
308564
131725
192457
248847
465346
395452
446894
23320
363358
6949
167952
167952
196
56326
23448
23448
435475
241525
420666
86884
535952
535952
573791
170975
170975
133291
133291
561589
561589
65655
351808
351808
468917
468917
468917
185221
185221
552221
293703
293703
293703
108303
213809
213809
437412
264155
264155
254240
254240
94501
267694
526536
15180
15180
73201
11198
11198
498738
498738
170716
170716
170716
567562
225603
452113
452113
170729
170729
535569
535569
89367
75636
75636
52703
150208
150208
409985
171199
189136
193565
497009
497009
154193
216449
580542
580542
580542
486770
486770
486770
486770
486770
253438
397
346774
346774
93946
276552
518039
163710
376295
376295
376295
306688
316505
386841
39976
39976
160703
160703
491098
491098
149783
175785
175785
86646
86646
143767
279490
190291
190291
190291
190291
190291
466565
466565
466565
181627
497438
497438
292464
217561
217561
217561
252179
363581
363581
54683
210204
210204
7274
7274
296802
548561
434787
330880
550117
470545
113369
250614
362737
314125
283060
19275
19275
127873
127873
286146
286146
286146
286146
286146
286146
286146
286146
286146
370591
370591
370591
370591
370591
370591
370591
370591
370591
370591
370591
370591
370591
183766
233790
53465
53465
53465
182245
53183
53183
432035
96048
452003
452003
164330
164330
164330
236762
236762
236762
236762
236762
116341
116341
116341
556703
292363
472930
238528
238528
238528
454161
177941
177941
102978
89618
89618
232950
462466
360600
159736
159736
518375
238806
561823
561823
561823
561823
561823
561823
561823
561823
335207
346089
346089
346089
346089
346089
346089
346089
275657
383958
115752
115752
565389
174425
408906
560365
444887
21686
21686
363241
71136
479350
479350
479350
272678
272678
316503
316503
577858
391067
507887
507887
269450
127129
67833
321579
560721
50306
306889
388945
295767
295767
44839
44839
44839
44839
364911
44934
275202
400333
400333
128059
463703
549224
296997
296997
296997
296997
296997
348941
50422
570947
252748
121632
29357
455608
132415
537081
535626
127161
54965
555739
280678
421286
566920
566920
319283
367597
260618
317656
163528
19226
19226
19226
450790
508801
568398
484842
484842
70626
70626
315722
534554
358039
307262
307262
313538
515993
524387
480438
513574
513574
330122
233528
39211
476065
422040
422040
580791
580791
315631
315631
315631
315631
315631
315631
78858
78858
373539
96566
96566
47882
47882
485288
485288
438093
438093
280083
280083
551336
551336
215872
191225
279692
175593
175593
175593
175593
175593
325102
353536
353536
497593
313341
313341
107140
525202
525202
426897
114108
107239
107239
117089
574069
363986
363986
363986
363986
363986
363986
363986
363986
363986
85556
19763
19763
150080
211282
211282
115793
545039
272880
570094
570094
439897
39671
543065
399636
399636
183456
183456
183456
183456
77681
181574
113745
238029
392229
282143
3192
137938
137938
353028
134688
134688
270303
24223
357229
357229
518592
309813
530259
530259
133698
320872
167044
167044
557324
157789
266487
128602
519558
519558
168909
446136
446136
446136
446136
205308
576222
340327
340327
495533
104747
104747
104747
104747
340594
340594
340594
340594
300403
300403
229688
229688
510657
301486
301486
301486
36561
20177
20177
20177
20177
20177
58937
31368
31368
115830
20908
20908
277991
277991
277991
222674
222674
222674
222674
334746
558137
331807
331807
132362
132362
132362
132362
219291
219291
219291
219291
219291
265879
71826
328838
355430
355430
81812
81812
81812
494580
355123
527828
515660
26992
26992
26992
353435
353435
47570
240950
240950
500699
110672
57878
226821
260150
196085
196085
196085
196085
547196
547196
47837
47837
47837
387645
60467
214388
44677
74603
74603
286322
465556
440562
104495
104495
104495
104495
121087
260655
351017
351017
218404
218404
218404
262658
262658
360170
360170
360170
174336
384040
384040
217397
483401
345400
336892
336892
336892
336892
336892
380734
380734
512869
512869
164899
561491
561491
360073
396385
391891
356349
356349
291686
352495
347171
347171
347171
347171
118109
580555
173776
173776
173776
173776
173776
68881
260818
502979
502979
256223
34757
34757
574103
155861
348371
331230
331230
351183
129897
129897
323442
351887
153956
153956
153956
153956
547493
290819
498583
96755
96755
401092
70865
70865
496618
554980
4386
72096
478404
181655
221846
221846
93435
93435
243891
243891
453755
453755
453755
398222
398222
398222
176017
176017
176017
176017
247839
520012
191342
191342
191342
191342
487159
208740
208740
433883
433883
219546
219546
219546
219546
76518
559550
21993
21993
21993
301991
301991
378096
378096
462289
462289
377910
63939
63939
63939
63939
63939
457718
457718
457718
278627
278627
278627
203416
581593
150763
150763
561160
209290
209290
33845
136820
558633
558633
538073
538073
538073
538073
386559
527374
527374
527374
345559
274352
274352
274352
274352
274352
274352
274352
437283
492625
510827
510827
393089
187888
579240
579240
547013
547013
70527
70527
143516
191724
71929
413551
244792
244792
429811
88162
291845
291845
291845
560427
148444
204549
204549
151521
151521
151521
151521
43261
43261
43261
43261
43261
570643
292103
356280
356280
253930
253930
253930
541018
489873
489873
489873
489873
320039
548882
300577
205108
285727
265227
454199
466838
299023
525170
303204
303204
313228
150117
487385
97667
327038
327038
327038
327038
327038
327038
196313
43961
43961
294
564197
469936
301266
301266
301266
301266
301266
301266
67537
67537
121989
121989
313999
154931
154931
154931
66650
400347
208748
208748
208748
365277
347087
406093
77402
77402
77402
153300
130768
165014
456750
141108
196462
32625
63848
392048
201928
410225
234934
541562
462327
529102
152340
485290
485290
207898
68745
68745
501400
158005
158005
158005
158005
449462
397742
255578
362831
569289
288313
288313
178795
178795
31636
321008
85481
35146
547041
333095
333095
249357
249357
434763
217937
142177
157876
100132
155732
155732
392637
448275
448275
284560
113126
54870
99115
346645
204026
576993
576993
495875
300070
197739
528892
581668
97914
206280
206280
206280
478410
161719
161719
161719
161719
161719
92188
355779
520361
265196
40398
360306
227946
353893
353893
353893
353893
264320
98560
296385
790
790
790
790
790
345432
153380
132529
518499
518499
528667
481391
412566
412566
412566
412566
454171
454171
454171
367177
77332
207833
207833
207833
207833
532595
2585
60043
537924
537924
252198
252198
146215
146215
146215
146215
523412
524227
296777
144467
144467
312032
323218
108375
108375
108375
108375
108375
108375
108375
27776
27776
476125
476125
185281
185281
340261
49746
297363
297363
398098
103383
501576
501576
224045
57782
419324
451781
451781
2466
2466
2466
341455
17877
414772
414772
88540
314822
560422
444546
429873
492478
492478
492478
492478
492478
492478
492478
492478
492478
16273
16273
106836
196619
196619
219624
219624
283257
283257
480532
540097
540097
125321
125321
91926
91926
259719
138501
138501
138501
549626
549626
549626
38999
171270
171270
171270
171270
171270
171270
307884
307884
233526
570942
191551
191551
191551
243327
243327
243327
2752
2752
86668
379034
379034
379034
379034
379034
322592
322592
322592
339978
452806
181208
484273
121824
121824
121824
121824
231609
231609
231714
492769
492769
492769
506283
289033
288204
500778
500778
500778
358921
358921
358921
248052
308915
308915
547767
547767
181828
350953
350953
32611
32611
297868
563477
442197
442197
495243
495243
323240
323240
135628
484257
484257
12281
121193
151893
151893
311197
570870
176113
322121
322121
185124
153824
443984
292827
363023
363023
363023
33445
33445
33445
347328
347328
347328
347328
493792
22275
357881
357881
357881
72538
72538
72538
339545
339545
229494
478835
225458
289514
132698
170962
391297
391297
41272
41272
41272
41272
41272
20619
12044
12044
12044
12044
12044
12044
516412
516412
104879
243824
452837
72595
72595
114947
16072
16072
500400
576702
576702
576702
576702
576702
576702
570522
482451
131909
131909
131909
131909
131909
316585
316585
226075
522481
547869
547869
547869
547869
547869
334220
334220
334220
13720
292133
574420
574420
412830
58403
471245
408405
408405
408405
408405
494217
505552
572587
534898
309386
192953
394186
394186
394186
394186
394186
394186
394186
394186
394186
181047
45622
346930
249435
97913
97913
540664
398924
398924
398924
398799
398799
226658
226658
226658
577830
577830
21531
260110
260110
260110
376831
336663
61648
438835
340220
92288
250955
250955
335815
335815
352651
378440
378440
378440
463753
245577
561406
561406
561406
497915
464490
63865
262359
122097
181475
202855
469427
469427
414284
414284
414284
414284
414284
437620
93649
93649
93649
93649
93649
363719
160940
392302
472552
284529
284529
249384
249384
340535
340535
340535
538832
435152
435152
520479
520479
520479
520479
464585
464585
464585
464585
579329
579329
579329
579329
579329
579329
313015
27901
487496
487496
167184
167184
28797
28797
406509
406509
479191
479191
365284
328571
328571
328571
328571
328571
328571
144937
144937
281557
475668
475668
225566
460408
532711
31621
89052
89052
414684
45237
9095
9095
9095
9095
9095
9095
9095
132638
112459
131172
324488
491204
491204
491204
115619
340267
537422
537422
533042
183653
183653
544475
399841
399841
399841
81845
81845
81845
81845
84273
84273
441883
294775
35532
35532
35532
35532
35532
35532
35532
35532
214924
389292
389292
389292
389292
389292
389292
389292
389292
303708
418155
86065
416258
416258
165542
493202
493202
515710
515710
568880
568880
103437
168774
168774
168774
34478
212633
212633
238795
575711
575711
136142
136142
136142
136142
136142
132888
132888
132888
132888
132888
132888
230673
230673
414479
62608
481728
109588
109588
139865
139865
117349
117349
117349
117349
117349
299085
52179
52179
265253
265253
304483
375425
577520
577520
577520
577520
577520
453016
428152
479749
155892
155892
143958
143958
143958
143958
261843
261843
152769
152769
373500
570938
4719
218832
218832
201659
201659
294716
294716
211771
251121
251121
151669
123389
338438
194842
448976
514781
113700
113700
113700
564684
161367
282067
282067
282067
282067
282067
282067
282067
282067
282067
282067
364722
548889
548889
545611
545611
216685
407606
551082
551082
551082
551082
551082
551082
551082
41678
15262
15262
97660
97660
97660
97660
194738
194738
194738
37800
37800
434753
569742
569742
256278
432510
432510
432510
432510
432510
432510
432510
371051
174896
174896
562014
266587
22102
22102
356011
356011
237337
237337
518267
545381
332124
332124
332124
154616
519759
88140
15219
227502
227502
227502
229233
229233
522129
522129
166036
477442
477442
450864
450864
491888
571799
571799
571799
571799
571799
379777
379777
92696
121226
511179
511179
468894
299544
308758
308758
308758
308758
308758
308758
308758
308758
308758
308758
308758
308758
308758
308758
380661
380661
543661
543661
581674
549347
549347
549347
549347
549347
549347
165610
165610
165610
54803
54803
54803
482728
482728
234091
181223
181223
134128
134128
134128
134128
176392
176392
176392
432461
341546
341546
341546
341546
106567
106567
106567
86654
494811
123074
61478
499598
452380
452380
513855
138117
289871
289871
289871
304047
304047
304047
304047
374575
465922
465922
390243
390243
485933
267422
400613
400613
243333
243333
243333
243333
572611
572611
428446
409063
176038
100817
208868
208868
370802
370802
370802
316581
353701
353701
353701
353701
331832
331832
493307
493307
493307
106772
541338
132889
204863
204863
321427
441507
464537
464537
141988
141988
145460
58572
197551
369770
369770
369770
489542
279946
37039
37039
93267
415150
568599
311561
253577
80526
80526
387919
165757
19093
162645
162645
162645
122263
434894
434894
434894
350468
386872
196351
196351
455374
380271
104891
524645
578369
544968
265010
538108
457292
457292
114326
69344
167028
167028
427771
305772
305772
171536
547797
547797
547797
136575
52433
55285
55285
55285
101781
494194
494194
257729
351796
508821
213790
323722
323722
187897
293524
293524
293524
61854
61854
61854
40338
505309
322517
55130
115519
115519
52844
561543
561543
158293
505111
272157
273716
7220
7220
396372
396372
396372
470393
389061
389061
394794
394794
457871
468258
104542
215582
215582
387712
196899
196899
248478
248478
567161
567161
567161
538182
538182
538182
538182
185051
185051
385744
385744
385744
385744
385744
385744
142970
528358
461267
84313
84313
26913
547769
547769
547769
533045
533045
380338
392703
572179
572179
572179
572179
182997
182997
568369
411083
144388
144388
468276
451003
451003
358770
447037
72809
414571
486415
486415
486415
486415
53989
191669
329616
156910
467145
467145
467145
467145
467145
204981
489191
489191
373697
373697
556039
433334
433334
433334
433334
370383
370383
430428
430428
18780
18780
106964
106964
405469
444010
444010
563652
315294
315294
315294
315294
332540
356654
356654
273677
273677
363370
363370
549003
111933
111933
545900
110809
110809
106371
403423
318306
318306
249130
249130
215330
215330
334637
334637
418812
418812
418812
418812
159081
284817
430691
218809
473762
347189
304440
220037
440372
2886
2886
446494
39570
571867
361397
438701
438701
234396
267216
267216
539682
253887
443410
443410
142767
142767
142767
142767
142767
228478
479707
345047
345047
483305
240046
121682
121682
121682
313434
362879
362879
64492
317728
317728
166464
78578
78578
537944
74840
74840
74840
74840
375099
203538
317896
502089
502089
502089
502089
52270
415174
415174
297699
297699
297104
402087
422876
246927
289329
289329
111705
209563
209563
468125
468125
468125
468125
468125
468125
331331
224164
224164
224164
224164
14676
247976
554518
554518
311933
541712
259228
259228
259228
259228
259228
412101
505234
13576
212679
212679
260321
35351
252311
308488
308488
38370
38370
564729
564729
386304
193931
193931
193931
148809
529019
529019
40675
40675
243970
243970
293070
230334
230334
447197
60325
184684
184684
184684
281066
281066
281066
281066
311988
311988
311988
311988
350421
350421
350421
79367
165803
165803
165803
165803
165803
165803
165803
165803
165803
118369
463175
463175
463175
45672
480741
447151
447151
447151
447151
447151
447151
447151
447151
66301
66301
66301
284703
322080
322080
322080
322080
275014
233869
233869
233869
233869
377496
377496
377496
377496
249727
121350
24105
239120
360273
155379
155379
155379
155379
300598
132668
132668
132668
320137
565694
2411
2411
524924
524924
540890
540890
288061
288061
288061
554159
304093
304093
304093
2843
156301
156301
74959
54194
54194
548088
297157
572282
572282
324717
324717
324717
68749
263878
263878
263878
485374
154597
154597
154597
154597
4642
4642
451407
80915
460998
81057
81057
289778
289778
573825
267388
353803
353803
185193
185193
34854
102469
23538
253290
310193
310193
197525
197525
197525
301649
301649
185467
427586
316663
39455
442287
401589
443479
465302
240965
371847
371847
300396
499166
499166
499166
463284
463284
54375
54375
54375
559733
202423
281005
123457
123457
332162
48572
50056
114630
114630
114630
114630
114630
556956
556956
579042
328275
236961
236961
236961
236961
236961
107766
532062
532062
532062
480908
480908
135041
49625
538735
103033
312346
312346
312346
312346
55891
362114
383407
130545
130545
241236
35230
190938
28614
284008
410571
35715
177658
261283
564823
262261
252215
382594
362091
379914
509864
509864
509864
200782
565918
565918
225891
225891
482196
482196
282868
94163
345390
345390
337232
337232
209922
209922
321438
405543
405543
488897
488897
488897
488897
475421
189148
189148
284233
237922
237922
54995
285395
512634
512634
55385
354309
354309
354309
354309
354309
354309
425788
485002
323303
401400
548742
548742
225835
225835
476188
192497
394172
394172
267348
151214
307499
113023
113023
500634
500634
442001
564677
102766
102766
102766
494329
281224
75305
516106
551877
551877
131352
253087
44827
44827
44827
108589
133650
133650
133650
133650
133650
133650
133650
133650
133650
133650
133650
133650
133650
115345
325236
325236
329386
32329
460896
18529
132310
460575
217487
217487
37282
24411
352565
125550
11332
183910
140481
453424
453424
453424
453424
453424
453424
412277
63866
63866
63866
63866
146121
540436
11147
578533
578533
256419
453629
505708
145188
509039
509039
12930
291897
58184
268569
415933
415933
116010
109355
416622
461361
62543
62543
62543
157158
268715
392167
324893
324893
217779
371587
426350
369872
369872
521238
323819
185108
358239
413037
413037
472320
115419
469880
72233
72233
457263
532397
508055
236629
236629
118764
105976
98361
195724
561453
403133
171429
49974
469912
207424
479301
248674
365258
22226
22226
299563
91952
512156
512156
28320
135576
101362
405324
272426
114178
475425
409739
190939
243938
465465
445411
349007
360126
360126
57551
14014
561082
478499
269174
74549
492729
181734
415755
344138
322278
33633
33633
469488
344338
532263
168522
60360
60360
196876
374451
568963
189646
256151
302217
302217
479608
421298
226758
295850
295850
296064
580344
554759
528971
528971
291493
324635
568396
533917
284768
321878
546791
546791
305082
577808
431874
391615
581711
109568
150877
81283
425653
361316
249856
572001
409791
121659
110697
273081
273081
110030
176945
122144
225215
190133
428602
428602
154680
427462
154305
562456
336637
369331
369331
550308
98642
85281
559768
412666
469053
447574
447574
128691
128691
128691
438101
83690
327178
327178
140347
106832
6595
560748
471935
471935
304519
120274
120274
393867
512769
162285
448172
493066
277998
30387
358841
66746
575854
495460
308524
546205
311408
311408
250574
448662
560526
268014
493618
74365
356061
92323
185234
469870
469870
469870
469870
469870
469870
271214
559953
490312
326892
305231
422611
131816
391821
299190
299190
278060
287400
563170
563170
473072
299643
215701
288358
65837
568848
40130
139270
118936
405709
219943
417090
417090
536039
239555
89788
457906
93641
407313
115511
121782
5619
356671
123312
123312
248170
307238
307238
307238
307238
285743
285743
285743
259655
93018
93018
93018
93018
576155
576155
576155
151328
151328
236626
566798
402447
557746
557746
293489
158055
158055
180099
472485
86221
561064
561064
224112
224112
224112
318929
60593
60593
60593
184664
184664
330909
330909
330909
330909
330909
515518
515518
313071
85046
355685
355685
355685
355685
508724
369782
443136
475645
261858
223369
75726
138435
407173
407173
470976
470976
470976
470976
470976
294957
183260
183260
545033
222015
222015
222015
222015
222015
222015
470068
104817
133634
60737
137181
137181
137181
404254
248403
219784
125188
82894
280270
280270
357561
166254
558623
558623
159521
159521
159521
545891
545891
570015
581198
581198
581198
506964
423023
484371
484371
453111
486936
39080
340633
138025
507073
507073
272228
272228
272228
272228
272228
272228
272228
272228
272228
138514
138514
138514
54989
54989
54989
54989
481185
481185
481185
96582
310865
310865
526735
198426
568492
351656
576526
138780
544701
165050
165050
343104
4065
4065
4065
101248
101248
154704
21750
21750
71550
71550
71550
71550
71550
4578
575535
575535
258077
46441
46441
523281
281756
281756
195027
195027
187354
187354
187354
242431
242431
122216
552467
552467
552467
552467
552467
289147
182096
247065
73639
61459
61459
61459
465243
465243
465243
79313
79313
79313
115156
227487
292537
91639
91639
175978
49095
426390
426390
426390
426390
426390
426390
531137
98413
472026
487061
487061
486262
478537
478537
478537
478537
478537
478537
478537
478537
478537
478537
478537
478537
478537
150074
253883
253883
469040
210437
74820
108034
76406
429437
344629
344629
344629
344629
578523
578523
569255
569255
524518
125694
125694
433854
433854
433854
433854
433854
433854
433854
391747
499108
161242
161242
161242
161242
24554
565116
92230
92230
324507
421884
421884
421884
426445
89112
325015
325015
325015
325015
425701
389280
255399
255399
194154
74900
434299
22696
331676
145186
187525
253955
274518
45792
45792
340292
37719
10881
10881
10881
10881
452115
277857
277857
383309
410916
491638
491638
505626
306570
532286
532286
117016
117016
117016
117016
155105
348580
232663
96728
184547
480121
480121
86861
86861
372685
372685
283682
206492
199841
78859
78859
562516
435716
435716
435716
435716
274267
274267
545721
545721
169322
78509
238881
96500
122073
122073
122073
530668
436698
436698
436698
343853
343853
343853
343853
461657
461657
461657
65343
65343
65343
343422
343422
343422
343422
300636
514283
514283
530903
530903
485397
485397
554953
554953
554953
554953
554953
430950
578805
578805
578805
578805
165674
514725
514725
335316
26655
468306
17587
17587
17587
334529
93133
93133
93133
93133
93133
93133
110
261326
538821
211217
211217
211217
211217
50806
50806
50806
77195
77195
77195
138387
54304
526987
324682
324682
395965
395965
249287
73264
496902
395225
324829
324829
155106
280051
164102
172509
172509
172509
172509
172509
172509
172509
172509
172509
172509
172509
172509
172509
172509
80948
80948
61838
571719
571719
426428
426428
230727
244992
419644
24674
55237
55237
159823
166678
166678
245982
245982
140284
145845
290676
421320
155914
65163
436168
436168
436168
575055
575055
410345
31188
31188
31188
31188
407734
26801
26801
557888
90862
90862
90862
90862
232389
551024
551024
395321
58153
58153
27544
27544
305975
271077
381205
390991
25425
498644
498644
268548
268548
581036
581036
488373
416473
478902
379564
379564
219946
219946
258020
365569
853
484579
43774
283658
539941
539941
165741
165741
21280
269273
269273
235403
406296
294159
157105
157105
157105
157105
157105
157105
157105
157105
157105
157105
573336
10728
563987
480082
398957
286914
96435
299325
283956
227675
334940
219121
25009
13146
250771
12735
12735
424582
424582
498588
498588
256454
256454
507674
13121
13121
13121
13121
13121
462054
407687
307552
6512
328792
526057
526057
526057
526057
468224
394269
394269
21595
21595
56480
44830
341891
341891
517755
517755
213530
213530
339159
135759
135759
69532
1036
280228
465838
465838
553039
119860
122780
157242
50945
472602
472602
366972
209745
579659
579659
579659
579659
579659
579659
470811
168607
534808
546056
271447
172121
394697
198421
397860
573786
179990
187120
411247
57639
26833
26833
514209
341430
163594
366254
366254
366254
518392
265292
185902
42384
225599
35272
550547
487775
74942
356290
356290
137100
201844
154384
67339
107421
107421
57313
176996
514295
514295
514295
495528
52131
255969
340623
467411
467411
467411
527834
234501
234501
324171
308803
404666
404666
281406
281406
125259
109117
413628
437710
437710
437710
437710
437710
437710
437710
437710
437710
437710
351400
351400
351400
351400
226751
226751
36260
60172
183212
347327
133063
547470
295159
372172
372172
103720
537866
435886
117327
549098
549098
517652
517652
85176
508592
283960
50536
50536
75999
318999
431504
431504
348637
348637
348637
348637
348637
348637
348637
348637
348637
348637
348637
545844
545844
152914
510570
495915
24689
24689
24689
247515
306288
169638
516205
332733
332733
332733
332733
332733
332733
238641
530497
355661
355661
355661
355661
355661
355661
496429
11527
422117
509509
120971
120971
475578
477682
29473
395292
395292
395292
298512
525898
525898
525898
525898
525898
59882
80599
80599
80599
80599
80599
80599
176985
382881
382881
217113
217113
128385
58619
81012
200618
51663
51663
51663
94388
94388
94388
371435
41482
170107
486732
268333
275556
275556
549330
563364
563364
563364
563364
522258
522258
262962
262962
326903
464598
343650
118785
156914
424088
399382
412009
356153
502395
390923
292602
501718
302903
404826
180067
143933
9012
9012
9012
355385
330174
373730
373730
373730
373730
200181
483837
62313
432153
500457
363006
363006
503456
474699
84415
84415
84415
216715
190554
14402
268317
268317
24552
285978
285978
405579
202146
184940
310655
546041
71754
71754
23451
31994
579299
52979
52979
352835
352835
45625
3911
280018
280018
280018
400726
400726
169937
15266
550745
176106
235795
579663
579663
73460
73460
347362
280490
473612
19738
116625
341054
482525
451707
451707
451707
451707
451707
451707
451707
451707
77005
77005
77005
77005
77005
77005
77005
77005
77005
77005
77005
67985
319765
190378
190378
362966
108944
108944
108944
108944
108944
108944
108944
294283
294283
308895
110287
430940
480779
274170
52502
573044
356068
539573
46524
208029
365123
32984
247718
343792
343792
340733
95418
95418
517549
339815
339815
56266
316963
218492
218492
339042
33500
196156
239596
299765
471515
471515
64239
529345
343526
360271
81906
55578
193659
435267
211138
23158
310518
310518
310518
310518
310518
88324
88324
176194
176194
18432
75910
75910
578261
81201
65835
209016
435076
64350
203112
71838
224989
224989
224989
395284
210744
504560
504560
504560
50276
164920
234671
501094
317216
317216
117839
117839
197323
504862
559952
78451
469647
240485
22612
22612
183342
159768
159768
341399
295193
471382
297370
524929
192581
192581
192581
479035
502949
38756
251872
74875
488960
316671
237233
162322
162322
162322
110934
468970
470025
470025
160516
109125
92957
401109
58307
139469
139469
139469
139469
139469
139469
250103
137365
380279
153733
153733
40708
516808
516808
516808
307125
307125
307125
299333
299333
299333
272785
278258
278258
132493
132493
427544
357614
564237
451283
451283
456481
456481
456481
456481
129097
216265
153938
431820
431820
324940
495247
71244
192710
384888
191068
554854
299426
512583
189183
242755
232279
34104
16188
16188
11403
114222
523201
396082
312329
439546
439546
478227
478227
525179
334803
294409
559840
232451
304909
378024
378024
164116
441129
279941
484336
484336
400742
457168
457168
144705
31922
94334
566988
31187
502338
62648
7946
7946
33793
279584
279584
194043
396228
573995
21544
220250
220250
177254
192928
537371
537371
62743
62743
468117
365819
365819
365819
365819
365819
365819
247416
247416
177381
351380
567342
567342
569143
569143
125814
449455
365659
23551
23551
447709
36966
225477
225477
225477
225477
138248
138248
212963
212963
190828
190828
190828
190828
552472
552472
36758
271747
174421
174421
243019
543617
427555
530364
138092
41840
9993
92799
473771
208880
279108
352360
213260
561547
285821
431917
92319
92319
92319
92319
92319
92319
92319
92319
92319
92319
92319
92319
92319
92319
233871
233871
233871
233871
476934
216531
216531
80385
240862
442638
231395
231395
231395
231395
231395
570545
86750
494676
205960
205960
69837
69837
174967
174967
325173
212303
109778
109778
43560
218759
565613
191592
191205
82228
82228
197762
124360
124360
124360
498436
576517
235949
235949
331453
331453
491279
98276
391739
483788
393445
14329
14329
435920
551267
335249
198240
135397
135397
135397
347263
105666
419631
419631
458198
529490
37843
203107
126238
58609
233615
437938
437938
223790
223790
223790
412350
223404
223404
569769
89947
42785
42785
42785
167649
13129
263047
505649
107519
294863
458922
472022
467674
467674
511328
329652
221903
504160
561163
121647
247167
247167
247167
426152
210371
210371
210371
373747
405291
500991
459214
85798
505729
485576
93793
52448
498295
391031
34423
34423
23141
23141
569919
569919
223660
369071
361928
55683
55683
36262
54563
54563
538336
126808
33930
33930
33930
154414
282737
455322
455322
444470
404578
404578
21079
21079
21079
513406
513406
399472
399472
270605
397813
397813
485481
121318
466179
369357
527752
425127
569607
511053
210584
552403
112801
533154
278243
278243
535455
160944
222244
416356
516791
65971
252751
252751
252751
126737
292538
112497
471345
471345
332
356435
296790
492178
492178
140984
77542
536058
39456
79236
109314
455416
455416
73855
542472
181850
181850
181850
181850
181850
181850
181850
181850
181850
23735
192920
192920
74624
570019
570019
110821
146219
316224
238238
238238
306758
407963
407963
2697
326823
256734
571157
88950
88950
250952
446266
497311
36652
61672
59123
59123
472296
251049
466694
127712
127712
475306
284448
99139
191175
413699
413699
413699
413699
558092
157526
110034
355182
13045
528355
440623
336313
336313
22145
51763
64733
287988
521266
199930
569987
509654
425837
430215
430215
142545
447627
290098
184184
255898
255898
314734
384463
42109
42109
62075
62075
249875
328951
86285
391703
7090
245356
571627
137406
205572
272100
561326
49286
458249
145140
145140
145140
145140
507148
495304
484200
304789
473134
385423
327979
327979
323278
323278
323278
323278
231671
25673
520635
74964
365101
365101
32937
269116
53091
484353
6792
412112
482775
11196
353671
291390
195852
364618
20418
20380
445565
283584
4794
275900
359081
335376
399298
44763
11302
317833
540633
540633
540633
540633
411212
473254
479214
183836
318139
547284
367896
142201
527863
150427
347267
329411
329411
446006
10856
106557
76207
205126
143621
319465
540617
481889
342294
253159
71485
552740
552740
552740
435620
186265
351260
433288
301927
370537
276482
517321
87876
523947
38652
38652
38652
38652
214300
163771
173882
484739
282070
469220
469220
469220
462811
514384
541288
13076
13076
32963
51453
371315
380477
530713
541730
541730
346876
457668
457668
457668
457668
21097
18011
274271
283638
65504
121184
196817
333918
150195
210368
210368
210368
210368
210368
210368
210368
72485
331871
101968
367071
258517
362007
307966
522741
232656
530636
434502
31382
539071
138915
323499
248645
563803
522819
229407
203822
203822
355291
295106
375645
124577
294102
563444
69405
371548
500196
97883
97883
238352
239884
124428
138310
404996
463140
489467
45808
297665
81964
24231
170225
348010
294353
80123
80123
387604
159299
48848
469619
24702
46014
312359
534958
534958
157345
110257
579165
579165
225704
385339
385339
27769
412992
449844
313946
419798
536317
147826
327183
253123
524352
34523
270195
110431
29005
439003
491330
203481
203481
203481
203481
203481
292574
235953
473866
289677
263407
263407
263407
144275
87229
200455
373294
43917
559516
126743
126743
64005
128072
560604
10073
408946
290425
231657
231657
482265
42585
42585
269946
314497
393488
320399
94096
94096
88282
88282
45101
354645
553401
126129
466750
208267
425550
403868
239801
97841
389608
488601
369726
369726
369726
261236
528756
528756
528756
112044
202226
237453
234672
355828
327468
259677
56332
312368
286159
76428
208845
249922
174011
100202
39758
28319
10909
409674
81398
34304
300898
463110
563513
10037
524690
393854
554996
277427
428686
298623
487182
180186
178510
89521
420404
464784
464784
572888
572888
572888
572888
131565
131565
131565
131565
131565
131565
332031
131343
22104
382310
161031
140114
245472
376919
87137
495073
427149
486168
101426
101426
395791
445960
535369
387442
387442
569389
245978
130974
27046
406199
25045
242549
143096
58732
526433
155741
255018
495269
283611
208548
325654
296613
187541
252909
433446
133517
380928
88272
510141
154306
424572
95329
91130
292690
151100
460578
84120
23803
428163
139572
165930
95292
95292
515058
241527
83753
217378
47001
230900
213740
23434
23434
82802
539297
163197
540100
41832
76652
310061
438167
140655
368931
167180
167180
125979
79462
477497
302278
396029
429215
92
422866
368764
258040
111455
232377
56478
84949
336088
413300
413300
374878
134755
113199
53255
55128
55128
55128
55128
418824
242860
144320
423362
323820
382514
154801
496819
240211
302885
156258
186881
507489
475857
206793
66866
60180
9919
71664
71664
514440
202856
518242
226738
383873
402507
562766
299466
89735
381996
417751
563904
563904
563904
563904
563904
563904
418611
208250
271890
50725
222688
222688
540342
74502
270362
270362
580631
580631
580631
407550
37210
249861
209191
301646
139394
388245
266043
271701
484171
219590
208633
208633
530898
475318
409825
409825
409825
93683
108314
270290
338458
369179
521712
186719
186719
330040
330040
506162
506162
292923
292923
292923
292923
447363
246496
128581
128581
169803
421315
421315
421315
421315
421315
421315
421315
421315
421315
421315
527345
394550
394550
578046
473604
401910
355133
64681
16741
562740
562740
224971
224971
571787
358223
358223
35508
139372
332739
103843
551507
491558
448801
234948
234948
400443
341035
518323
24125
428345
271591
257959
236316
51454
94885
562973
123938
195840
65484
547066
91530
232890
477336
546695
365265
521899
521899
521899
521899
333181
55707
18495
326247
260453
132453
124182
244425
392062
433055
340995
294565
581715
359951
329245
145313
79506
557609
77467
262552
98531
384099
232781
74138
381199
427382
186524
174892
319273
234728
433285
77557
418151
175353
175353
399461
271736
271736
531374
326770
333225
385916
197689
431853
219619
259594
106830
187959
182659
173777
295379
295379
491502
416705
237003
336933
190826
7145
24371
568851
568240
332705
463495
463495
463495
422939
168274
486417
129031
21497
136332
244782
244782
436596
22518
54082
154274
340673
97053
97053
55808
436161
69569
80486
206841
531289
337745
360536
407050
407050
274551
203975
219064
219064
219064
219064
413716
413716
413716
413716
48066
48066
1697
1697
1697
166043
215746
25192
494224
494224
268787
14366
14366
14366
14366
14366
14366
14366
264460
229975
426920
147092
15772
252451
432144
